0,273
0,270
3,2
3,1
3,3
10,96
10,174
10,200
10,228
10,128
10,138
10,2
10,3
11,10
11,4
11,8
11,17
9,7
9,6
9,1
9,4
9,2
9,3
8,10
8,9
8,7
8,6
8,16
57,5
57,4
57,3
57,2
57,1
57,0
54,4
54,3
54,2
54,1
53,4
53,3
53,1
49,3
49,1
48,3
48,1
43,5
43,3
43,1
34,4
34,3
34,1
31,4
31,3
31,1
27,4
27,3
27,1
24,3
24,1
20,3
20,2
20,1
19,3
19,2
19,1
12,3
12,2
12,1
11,30
11,29
11,28
11,27
11,26
11,25
11,24
11,23
11,22
11,21
11,20
11,19
11,18
11,16
18,1
11,14
18,3
11,11
11,6
11,5
11,3
11,2
14,1
11,1
10,317
10,316
10,315
10,314
10,313
10,312
10,311
10,310
10,309
14,3
10,308
10,307
10,306
10,305
10,304
10,303
10,302
10,301
10,300
10,299
10,298
10,297
10,296
10,295
